
0000000000000000000000000000000000000000000000000000000000000000000000000000000000000000000000000000
0000000000000000000000000000000000000000000000000000000000000000000000000000000000000000000000000000
0000000000000000000000000000000000000000000000000322222222222222222230000000000000000000000000000000
0000000000000000000000000000000000000000000000000311111111111111111130000000000000000000000000000000
0000000000000000000000000000000000000000000000000311111111111111111130000000000000000000000000000000
0000032222222222222222222300000000000000000000000311111111111111111130000000000000000000000000000000
0000031111111111111111111300003222222222222222230311111111111111111130000000322222222222222222223000
0000031111111111111111111300003111111111111111130311111111111111111130000000311111111111111111113000
0000031111111111111111111300003111111111111111130311111111111111111130000000311111111111111111113000
0000031111111111111111111300003111111111111111130311111111111111111130000000311111111111111111113000
0000031111111111111111111300003111111111111111130311111111111111111130000000311111111111111111113000
0000031111111111111111111222222111111111111111130311111111111111111130000000311111111111111111113000
0000031111111111111111111411114111111111111111130311111111111111111130000000311111111111111111113000
0000031111111118111111111322223111111111111111122211111111111111111130000000311111111111111111113000
0000031111111111111111111300003111111111111111141411111111111111111130000000311111111111111111113000
0000031111111111111111111300003111111111111111132311111111111111111130000000311111111111111111113000
0000031111111111111111111300003111111111111111130311111111111111111130000000311111111111111111113000
0000031111111111111111111300003111111111111111130311111111111111111130000000311111111111111111113000
0000031111111111111111111300003111111111111111130222222222222222222220000000311111111111111111113000
0000031111111111111111111300003111111111111111130000000000000000000000000000311111111111111111113000
0000022222223432222222222200003111111111111111130000000000000000000000000000311111111111111111113000
0000000000003130000000000000003111111111111111130000000000000000000000000000311111111111111111113000
0000000000003130000000000000002222222222222222220000000000000000000000000000311111111111111111113000
0000000000003130000000000000000000000000000000000000000000000000000000000000311111111111111111113000
0000000000003130000000000000000000000000000000000000000000000000000000000000222223432222222222222000
3222222222222422222230000000000000000000000000000000000000000000000000000000000003130000000000000000
3111111111111111111130000000000000000000000000000000000000000000000000000000000003130000000000000000
3111111111111111111130000000000000000000000000000000000000000000000000000000000003130000000000000000
3111111111111111111130000000000000000000000000000000000000000000000000000000000003130000000000000000
3111111111111111111130000000000000000000000000000000000000000000000000000000000003130000000000000000
3111111111111111111130000000000000000000000000000000000000000000000000000000000003130000000000000000
3111111111111111111130000000000000000000000000000000000000000000000000000000003222422222222222222230
3111111111111111111130000000000000000000000000000000000000000000000000000000003111111111111111111130
3111111111111111111130000000000000000000000000000000000000000000000000000000003111111111111111111130
3111111111111111111130000000000000000000000000000000000000000000000000000000003111111111111111111130
3111111111111111111130000000000000000000000000000000000000000000000000000000003111111111111111111130
3111111111111111111130000000000000000000000000000000000000000000000000000000003111111111111111111130
3111111111111111111130000000000000000000000000000000000000000000000000000000003111111111111111111130
3111111111111111111130000000000000000000000000000000000000000000000000000000003111111111111111111130
3111111111111111111130000000000000000000000000000000000000000000000000000000003111111111111111111130
3111111111111111111130000000000000000000000000000000000000000000000000000000003111111111111111111130
3111111111111111111130000000000000000000000000000000000000000000000000000000003111111111111111111130
2222222222223432222220000000000000000000000000000000000000000000000000000000003111111111111111111130
0000000000003130000000000000000000000000000000000000000000000000000000000000003111111111111111111130
0000000000003130000000000000000000000000000000000000000000000000000000000000003111111111111111111130
0000000000003130000000000000000000000000000000000000000000000000000000000000003111111111111111111130
0000000000003130000000000000000000000000000000000000000000000000000000000000003111111111111111111130
0000000000003130000000000000000000000000000000000000000000000000000000000000003111111111111111111130
0000000000003130000000000000000000000000000000000000000000000000000000000000002222222222234322222220
0000000000003130000000000000000000000000000000000000000000000000000000000000000000000000031300000000
0000000000003130000000000000000000000000000000000000000000000000000000000000000000000000031300000000
0000000000003130000000000000000000000000000000000000000000000000000000000000000000000000031300000000
0000032222222422222222222300000000000000000000000000000000000000000000000000000000000000031300000000
0000031111111111111111111300000000000000000000000000000000000000000000000000000000000000031300000000
0000031111111111111111111300000000000000000000000000000000000000000000000000000000000000031300000000
0000031111111111111111111300000000000000000000000000000000000000000000000000000000000000031300000000
0000031111111111111111111300000000000000000000000000322222222222222222230000000000000000031300000000
0000031111111111111111111300000000000000000000000000311111111111111111130000322222222222224222223000
0000031111111111111111111300000000000000000000000000311111111111111111130000311111111111111111113000
0000031111111111111111111300000000000000000000000000311111111111111111130000311111111111111111113000
0000031111111111111111111300000000000000000000000000311111111111111111130000311111111111111111113000
0000031111111111111111111300000000000000000000000000311111111111111111130000311111111111111111113000
0000031111111111111111111300000000000000000000000000311111111111111111130000311111111111111111113000
0000031111111111111111111300000000000000000000000000311111111111111111130000311111111111111111113000
0000031111111111111111111300000000000000000000000000311111111111111111122222211111111111111111113000
0000031111111111111111111300000000000000000000000000311111111111111111141111411111111111111111113000
0000031111111111111111111300000000000000000000000000311111111111111111132222311111111191111111113000
0000031111111111111111111300000000000000000000000000311111111111111111130000311111111111111111113000
0000031111111111111111111300000000000000000000000000311111111111111111130000311111111111111111113000
0000022222343222222222222200000000000000000000000000311111111111111111130000311111111111111111113000
0000000000313000000000000000000000000000000000000000311111111111111111130000311111111111111111113000
0000000000313000000000000000000000000000000000000000311111111111111111130000311111111111111111113000
0000000000313000000000000000000000000000000000000000222222222234322222220000311111111111111111113000
0000000000313000000000000000000000000000000000000000000000000031300000000000311111111111111111113000
0000000000313000000000000000000000000000000000000000000000000031300000000000222222222222222222222000
0000000000313000000000000000000000000000000000000000000000000031300000000000000000000000000000000000
0000000000313000000000000000000000000000000000000000000000000031300000000000000000000000000000000000
0032222222242222222222300000003222222222222222230000322222222224222222230000000000000000000000000000
0031111111111111111111300000003111111111111111130000311111111111111111130000000000000000000000000000
0031111111111111111111300000003111111111111111130000311111111111111111130000000000000000000000000000
0031111111111111111111300000003111111111111111130000311111111111111111130000000000000000000000000000
0031111111111111111111222222222111111111111111130000311111111111111111130000000000000000000000000000
0031111111111111111111411111114111111111111111130000311111111111111111130000000000000000000000000000
0031111111111111111111322222223111111111111111130000311111111111111111130000000000000000000000000000
0031111111111111111111300000003111111111111111130000311111111111111111130000000000000000000000000000
0031111111111111111111300000003111111111111111130000311111111111111111130000000000000000000000000000
0031111111111111111111300000003111111111111111130000311111111111111111130000000000000000000000000000
0031111111111111111111300000003111111111111111122222211111111111111111130000000000000000000000000000
0031111111111111111111300000003111111111111111141111411111111111111111130000000000000000000000000000
0031111111111111111111300000003111111111111111132222311111111111111111130000000000000000000000000000
0031111111111111111111300000003111111111111111130000311111111111111111130000000000000000000000000000
0031111111111111111111300000003111111111111111130000311111111111111111130000000000000000000000000000
0031111111111111111111300000002222222222222222220000222222222222222222220000000000000000000000000000
0031111111111111111111300000000000000000000000000000000000000000000000000000000000000000000000000000
0022222222222222222222200000000000000000000000000000000000000000000000000000000000000000000000000000
0000000000000000000000000000000000000000000000000000000000000000000000000000000000000000000000000000
0000000000000000000000000000000000000000000000000000000000000000000000000000000000000000000000000000
0000000000000000000000000000000000000000000000000000000000000000000000000000000000000000000000000000
0000000000000000000000000000000000000000000000000000000000000000000000000000000000000000000000000000
0000000000000000000000000000000000000000000000000000000000000000000000000000000000000000000000000000